157, 160, 106, 98, 95, 151
163, 156, 68, 67, 76, 165

       146, 148, 93, 87, 83, 139
       170, 165, 74, 75, 82, 172

       331, 326, 299, 293, 298, 326
       53, 47, 47, 53, 59, 59

       331, 327, 297, 293, 297, 327
       67, 61, 60, 68, 74, 73

       384, 395, 468, 456
       93, 87, 220, 226

       309, 344, 346, 381, 384, 420, 422, 458, 461, 424, 421, 385, 382, 345, 342, 306
       238, 246, 246, 247, 247, 246, 245, 239, 252, 258, 258, 260, 260, 258, 257, 251

       367, 378, 410, 399
       406, 400, 468, 474

       562, 569, 634, 628
       491, 481, 518, 528

       660, 665, 732, 726
       546, 536, 569, 580

        654, 659, 725, 720
        558, 548, 581, 592

        651, 656, 623, 618
        607, 619, 633, 620

        953, 1027, 1026, 952
        607, 615, 626, 618

        951, 1025, 1025, 950
        621, 629, 640, 633

        1009, 1019, 942, 931
        374, 379, 591, 588

        1021, 1033, 955, 943
        379, 384, 596, 592

        353, 364, 416, 405
        557, 551, 651, 658

        807, 816, 662, 653
        349, 358, 524, 515

        719, 726, 822, 815
        270, 259, 318, 328

        184, 218, 220, 253, 256, 288, 291, 321, 323, 351, 359, 331, 328, 298, 295, 263, 259, 226, 223, 189
        169, 156, 156, 140, 140, 121, 120, 100, 99, 76, 85, 108, 110, 130, 132, 150, 151, 166, 167, 180

        673, 786, 786, 673
        176, 176, 189, 189

        803, 1029, 1028, 803
        47, 70, 82, 59

        187, 190, 81, 78
        325, 338, 366, 354

        146, 155, 96, 88
        527, 537, 583, 573

        377, 376, 602, 602
        390, 378, 355, 367

        675, 684, 738, 729
        623, 614, 666, 675

        821, 819, 820, 823, 824, 834, 846, 835, 835, 831, 831, 833
        350, 386, 390, 426, 430, 465, 462, 427, 425, 389, 387, 350

        1049, 1062, 1062, 1049
        384, 384, 610, 611

        802, 1028, 1027, 802
        61, 84, 95, 73

        850, 886, 889, 926, 930, 965, 970, 1005, 1007, 1041, 1037, 1004, 1002, 966, 963, 928, 925, 889, 885, 850
        316, 316, 316, 319, 320, 327, 328, 336, 337, 350, 361, 348, 347, 338, 337, 331, 331, 328, 328, 327

        851, 862, 913, 902
        499, 493, 593, 599

        612, 616, 722, 718
        646, 636, 674, 685

        437, 470, 472, 506, 508, 543, 545, 581, 583, 619, 619, 582, 579, 543, 541, 506, 502, 468, 465, 433
        486, 502, 503, 514, 515, 524, 524, 530, 530, 532, 544, 542, 541, 535, 534, 525, 525, 512, 512, 498

        201, 201, 390, 390
        694, 682, 682, 694

        197, 210, 184, 171
        341, 343, 492, 490
 
        784, 791, 731, 723
        194, 204, 247, 237

        614, 765, 765, 614
        63, 63, 75, 75

        1036, 1048, 1048, 1036
        116, 116, 343, 343

        835, 833, 833, 836, 837, 848, 860, 849, 849, 845, 846, 847
        348, 384, 388, 424, 429, 463, 459, 426, 423, 388, 385, 349

        438, 438, 704, 704
        694, 681, 682, 694

        72, 88, 92, 119, 123, 157, 162, 128, 127, 101, 99, 83
        607, 640, 643, 668, 671, 685, 675, 660, 659, 635, 633, 601

        541, 535, 602, 609
        604, 594, 561, 573

        79, 94, 95, 114, 115, 138, 139, 166, 157, 131, 129, 106, 104, 85, 84, 68
        369, 402, 404, 434, 436, 464, 465, 491, 499, 474, 472, 444, 441, 411, 407, 375

        174, 179, 283, 278
        194, 182, 225, 236

        395, 402, 371, 365
        504, 514, 533, 522

        387, 576, 576, 387
        63, 63, 75, 75

        768, 776, 658, 651
        77, 87, 179, 170

        300, 311, 358, 348
        264, 258, 360, 365

        160, 171, 209, 197
        201, 197, 303, 308

        182, 216, 218, 254, 256, 292, 330, 331, 295, 292, 256, 252, 217, 213, 178
        517, 527, 528, 533, 534, 535, 532, 543, 546, 546, 546, 545, 539, 538, 528

        541, 545, 579, 575
        624, 613, 625, 636

        639, 649, 666, 656
        567, 562, 594, 599

        863, 874, 925, 915
        492, 487, 586, 592

        1036, 1049, 1049, 1036
        384, 384, 610, 611

        802, 814, 833, 822
        200, 198, 309, 310

        686, 694, 644, 634
        274, 282, 336, 328

        367, 378, 310, 299
        85, 91, 226, 219

        143, 154, 86, 75
        208, 214, 348, 342

        138, 145, 88, 80
        517, 526, 571, 562

        496, 504, 444, 436
        615, 625, 670, 660

        753, 787, 789, 824, 826, 862, 865, 901, 901, 865, 862, 826, 823, 787, 784, 749
        583, 594, 595, 602, 602, 604, 604, 603, 615, 615, 616, 614, 613, 605, 605, 594

        772, 767, 837, 842
        518, 506, 479, 491

        481, 489, 610, 603
        260, 251, 340, 349

        439, 439, 514, 514
        482, 470, 470, 482

        1049, 1062, 1062, 1049
        116, 116, 343, 343,

        815, 827, 847, 835
        198, 195, 306, 308

        587, 580, 581, 595, 600, 630, 637, 607, 605, 592, 592, 600
        72, 108, 117, 150, 157, 177, 168, 148, 145, 113, 110, 75

        387, 576, 576, 387
        49, 49, 61, 61

        131, 142, 74, 63
        201, 207, 342, 336

        626, 637, 605, 593
        554, 559, 627, 620

        903, 871, 869, 835, 833, 797, 795, 759, 759, 797, 800, 836, 839, 873, 877, 910
        629, 646, 646, 658, 658, 666, 666, 668, 680, 678, 676, 670, 668, 657, 656, 640

        854, 862, 920, 912
        355, 345, 393, 402

        609, 620, 553, 543
        372, 379, 470, 463

        642, 652, 659, 691, 697, 664, 663, 653
        199, 235, 243, 259, 249, 232, 231, 196

        388, 395, 364, 357
        492, 503, 521, 511

        157, 169, 180, 166
        545, 545, 657, 658

        747, 759, 750, 737
        536, 539, 575, 571

        782, 794, 807, 795
        90, 88, 161, 164

        179, 212, 215, 247, 250, 281, 283, 312, 315, 343, 350, 323, 320, 290, 287, 256, 253, 220, 217, 183
        155, 144, 143, 128, 127, 110, 108, 89, 87, 65, 74, 96, 98, 118, 120, 137, 138, 154, 155, 166

        277, 286, 234, 225
        250, 258, 312, 303

        491, 486, 628, 632
        245, 234, 183, 194

        795, 808, 821, 808
        88, 86, 159, 161

        632, 820, 821, 633
        350, 331, 343, 363

        433, 465, 468, 502, 505, 540, 543, 578, 580, 617, 617, 580, 577, 541, 537, 502, 497, 464, 460, 427
        500, 515, 515, 527, 528, 537, 538, 544, 544, 546, 557, 555, 555, 549, 548, 539, 538, 526, 525, 511

        751, 785, 787, 822, 825, 861, 863, 900, 900, 863, 861, 825, 821, 786, 782, 747
        597, 608, 609, 615, 617, 618, 618, 617, 629, 630, 630, 627, 627, 619, 619, 608

        67, 83, 84, 103, 104, 127, 128, 154, 146, 120, 118, 95, 93, 74, 72, 57
        378, 410, 413, 443, 445, 473, 474, 499, 508, 483, 480, 451, 449, 418, 415, 383

        918, 928, 874, 865
415, 424, 476, 466

823, 1035, 1040, 827
175, 97, 108, 186

667, 666, 741, 741
534, 522, 516, 527

183, 217, 219, 254, 257, 293, 296, 332, 332, 296, 293, 256, 253, 218, 215, 179
503, 514, 514, 520, 520, 520, 521, 518, 530, 532, 532, 531, 531, 524, 524, 515

55, 53, 53, 53, 53, 55, 56, 63, 63, 73, 60, 51, 50, 44, 43, 40, 40, 40, 40, 43
381, 416, 419, 455, 458, 494, 498, 533, 536, 570, 573, 538, 535, 500, 495, 459, 455, 419, 416, 379

229, 235, 339, 335
343, 332, 374, 385

690, 688, 724, 726
613, 601, 595, 607

764, 800, 804, 839, 843, 877, 881, 913, 907, 875, 873, 839, 836, 801, 799, 763
694, 691, 690, 683, 682, 671, 669, 654, 643, 659, 660, 671, 672, 679, 680, 682

614, 765, 765, 614
49, 49, 60, 61

850, 884, 888, 924, 927, 963, 966, 1001, 1004, 1038, 1034, 1000, 998, 963, 961, 926, 887, 885, 885, 850
330, 330, 330, 334, 334, 341, 340, 350, 351, 363, 374, 362, 362, 352, 351, 345, 345, 341, 341, 341